Euromillions
Past Draws Results Year 2017
Date              	1  	2  	3  	4  	5  	Star1 	Star2 	
17 November 2017  	20 	26 	35 	36 	42 	05    	12    	
14 November 2017  	14 	16 	39 	40 	41 	08    	10    	
10 November 2017  	13 	22 	29 	36 	37 	01    	09    	
07 November 2017  	07 	19 	20 	37 	41 	02    	12    	
03 November 2017  	05 	12 	17 	33 	41 	04    	09    	
31 October 2017   	01 	12 	36 	43 	46 	03    	05    	
27 October 2017   	03 	16 	23 	32 	39 	01    	04    	
24 October 2017   	09 	11 	13 	27 	33 	07    	10    	
20 October 2017   	04 	17 	23 	27 	30 	03    	08    	
17 October 2017   	13 	17 	19 	26 	36 	02    	03    	
13 October 2017   	23 	29 	37 	45 	50 	05    	11    	
10 October 2017   	04 	21 	34 	36 	37 	03    	06    	
06 October 2017   	01 	09 	15 	19 	25 	01    	07    	
03 October 2017   	06 	24 	32 	48 	50 	01    	05    	
29 September 2017 	07 	18 	19 	32 	48 	03    	07    	
26 September 2017 	01 	29 	40 	41 	48 	06    	12    	
22 September 2017 	06 	11 	31 	39 	42 	01    	03    	
19 September 2017 	01 	08 	21 	30 	45 	02    	03    	
15 September 2017 	13 	18 	37 	44 	49 	09    	12    	
12 September 2017 	10 	17 	27 	29 	35 	04    	11    	
08 September 2017 	09 	24 	42 	47 	49 	01    	05    	
05 September 2017 	06 	09 	18 	28 	29 	01    	09    	
01 September 2017 	03 	07 	08 	14 	49 	05    	08    	
29 August 2017    	04 	12 	15 	32 	38 	01    	05    	
25 August 2017    	01 	05 	07 	15 	47 	09    	12    	
22 August 2017    	03 	10 	12 	17 	27 	03    	05    	
18 August 2017    	02 	24 	39 	42 	45 	02    	08    	
15 August 2017    	10 	14 	30 	35 	46 	04    	10    	
11 August 2017    	18 	28 	39 	46 	48 	05    	12    	
08 August 2017    	15 	25 	26 	40 	41 	04    	05    	
04 August 2017    	29 	30 	36 	40 	41 	02    	09    	
01 August 2017    	14 	21 	24 	29 	30 	08    	10    	
28 July 2017      	05 	09 	29 	31 	41 	02    	04    	
25 July 2017      	12 	14 	43 	44 	48 	02    	11    	
21 July 2017      	01 	08 	09 	26 	49 	05    	09    	
18 July 2017      	01 	25 	27 	41 	45 	05    	07    	
14 July 2017      	11 	14 	20 	21 	47 	07    	10    	
11 July 2017      	14 	22 	26 	42 	50 	08    	10    	
07 July 2017      	11 	20 	35 	37 	45 	03    	06    	
04 July 2017      	10 	22 	25 	37 	49 	05    	08    	
30 June 2017      	17 	35 	39 	47 	50 	06    	08    	
27 June 2017      	09 	17 	21 	28 	45 	01    	03    	
23 June 2017      	03 	04 	21 	31 	38 	03    	07    	
20 June 2017      	11 	18 	26 	43 	44 	08    	10    	
16 June 2017      	15 	17 	38 	41 	42 	09    	12    	
13 June 2017      	03 	12 	22 	27 	49 	04    	11    	
09 June 2017      	09 	20 	27 	39 	43 	10    	11    	
06 June 2017      	20 	22 	25 	37 	40 	03    	07    	
02 June 2017      	08 	10 	24 	33 	42 	03    	09    	
30 May 2017       	07 	12 	27 	38 	48 	06    	09    	
26 May 2017       	05 	07 	26 	36 	39 	02    	10    	
23 May 2017       	08 	15 	25 	27 	42 	01    	04    	
19 May 2017       	09 	11 	12 	19 	30 	04    	09    	
16 May 2017       	08 	11 	15 	20 	30 	03    	08    	
12 May 2017       	02 	20 	28 	29 	44 	03    	09    	
09 May 2017       	08 	12 	16 	22 	26 	06    	07    	
05 May 2017       	03 	07 	30 	35 	43 	01    	03    	
02 May 2017       	06 	19 	23 	25 	27 	11    	12    	
28 April 2017     	14 	20 	25 	30 	39 	02    	08    	
25 April 2017     	09 	11 	19 	32 	43 	03    	09    	
21 April 2017     	02 	13 	16 	22 	49 	04    	05    	
18 April 2017     	17 	22 	31 	38 	45 	05    	12    	
14 April 2017     	04 	14 	20 	23 	33 	06    	10    	
11 April 2017     	05 	21 	22 	31 	49 	02    	08    	
07 April 2017     	02 	10 	19 	35 	50 	06    	07    	
04 April 2017     	01 	09 	24 	33 	34 	02    	06    	
31 March 2017     	17 	24 	26 	28 	45 	04    	12    	
28 March 2017     	09 	13 	31 	33 	46 	06    	10    	
24 March 2017     	02 	17 	21 	27 	34 	05    	09    	
21 March 2017     	01 	20 	23 	44 	47 	04    	11    	
17 March 2017     	06 	10 	19 	29 	36 	03    	09    	
14 March 2017     	03 	05 	21 	36 	44 	03    	06    	
10 March 2017     	31 	36 	38 	47 	49 	08    	11    	
07 March 2017     	06 	37 	41 	48 	50 	04    	05    	
03 March 2017     	02 	11 	29 	30 	47 	01    	12    	
28 February 2017  	10 	20 	31 	35 	42 	02    	12    	
24 February 2017  	02 	04 	13 	22 	43 	08    	09    	
21 February 2017  	13 	19 	41 	45 	49 	03    	04    	
17 February 2017  	19 	25 	33 	36 	48 	02    	09    	
14 February 2017  	02 	10 	24 	40 	44 	03    	10    	
10 February 2017  	07 	21 	26 	35 	43 	02    	09    	
07 February 2017  	04 	10 	31 	38 	44 	08    	10    	
03 February 2017  	03 	04 	15 	46 	50 	05    	09    	
31 January 2017   	03 	04 	17 	23 	44 	06    	09    	
27 January 2017   	17 	20 	28 	45 	48 	05    	09    	
24 January 2017   	01 	05 	07 	17 	23 	03    	08    	
20 January 2017   	10 	17 	27 	31 	49 	03    	05    	
17 January 2017   	04 	16 	25 	43 	47 	02    	10    	
13 January 2017   	03 	07 	16 	26 	50 	04    	07    	
10 January 2017   	02 	11 	29 	35 	44 	04    	09    	
06 January 2017   	10 	14 	18 	21 	49 	09    	11    	
03 January 2017   	19 	23 	27 	34 	49 	01    	11    	
