Euromillions
Past Draws Results Year 2010
Date              	1  	2  	3  	4  	5  	Star1 	Star2 	
31 December 2010  	02 	24 	34 	38 	43 	01    	07    	
24 December 2010  	19 	36 	38 	42 	46 	02    	08    	
17 December 2010  	03 	20 	29 	35 	42 	03    	08    	
10 December 2010  	02 	03 	10 	33 	46 	07    	08    	
03 December 2010  	08 	19 	28 	32 	46 	04    	07    	
26 November 2010  	09 	28 	36 	41 	49 	05    	07    	
19 November 2010  	12 	15 	32 	36 	45 	07    	09    	
12 November 2010  	07 	19 	23 	29 	47 	01    	06    	
05 November 2010  	21 	23 	33 	40 	50 	04    	05    	
29 October 2010   	16 	20 	22 	32 	42 	08    	09    	
22 October 2010   	04 	05 	09 	11 	39 	03    	05    	
15 October 2010   	02 	31 	36 	38 	43 	03    	07    	
08 October 2010   	09 	30 	35 	39 	46 	06    	08    	
01 October 2010   	01 	04 	06 	27 	48 	01    	06    	
24 September 2010 	01 	04 	16 	40 	48 	01    	09    	
17 September 2010 	17 	27 	29 	38 	50 	01    	03    	
10 September 2010 	17 	21 	35 	41 	45 	01    	05    	
03 September 2010 	13 	24 	26 	47 	49 	04    	08    	
27 August 2010    	01 	06 	13 	30 	49 	01    	09    	
20 August 2010    	05 	27 	31 	40 	42 	01    	06    	
13 August 2010    	04 	09 	15 	21 	47 	02    	07    	
06 August 2010    	13 	25 	28 	29 	42 	04    	05    	
30 July 2010      	03 	04 	11 	28 	39 	02    	08    	
23 July 2010      	04 	13 	35 	37 	46 	03    	09    	
16 July 2010      	38 	39 	45 	46 	49 	07    	08    	
09 July 2010      	09 	24 	37 	39 	49 	03    	09    	
02 July 2010      	12 	13 	36 	41 	46 	01    	08    	
25 June 2010      	01 	08 	18 	28 	31 	08    	09    	
18 June 2010      	02 	29 	31 	32 	38 	01    	04    	
11 June 2010      	02 	22 	24 	36 	44 	01    	02    	
04 June 2010      	04 	17 	34 	40 	42 	04    	09    	
28 May 2010       	04 	09 	31 	32 	33 	03    	07    	
21 May 2010       	07 	19 	30 	38 	50 	04    	07    	
14 May 2010       	01 	17 	31 	43 	47 	02    	03    	
07 May 2010       	03 	06 	15 	21 	32 	07    	09    	
30 April 2010     	06 	22 	24 	25 	36 	03    	08    	
23 April 2010     	03 	07 	08 	43 	46 	06    	08    	
16 April 2010     	09 	11 	17 	26 	40 	03    	09    	
09 April 2010     	07 	21 	23 	24 	44 	03    	04    	
02 April 2010     	12 	18 	24 	26 	45 	04    	05    	
26 March 2010     	08 	16 	18 	37 	43 	02    	06    	
19 March 2010     	10 	28 	30 	38 	39 	02    	07    	
12 March 2010     	01 	26 	33 	36 	46 	06    	07    	
05 March 2010     	12 	18 	19 	43 	49 	03    	09    	
26 February 2010  	07 	11 	18 	29 	42 	06    	07    	
19 February 2010  	12 	31 	37 	38 	43 	02    	03    	
12 February 2010  	01 	05 	18 	38 	45 	04    	06    	
05 February 2010  	34 	35 	38 	39 	46 	03    	04    	
29 January 2010   	09 	17 	30 	39 	43 	05    	07    	
22 January 2010   	04 	22 	27 	36 	44 	07    	09    	
15 January 2010   	11 	26 	29 	49 	50 	04    	07    	
08 January 2010   	04 	05 	14 	44 	46 	08    	09    	
01 January 2010   	09 	22 	24 	27 	36 	05    	07    	
